(kicad_pcb (version 20171130) (host pcbnew 5.1.7-a382d34a8~87~ubuntu18.04.1)

  (general
    (thickness 1.6)
    (drawings 42)
    (tracks 134)
    (zones 0)
    (modules 20)
    (nets 25)
  )

  (page A4)
  (layers
    (0 F.Cu signal)
    (31 B.Cu signal)
    (32 B.Adhes user)
    (33 F.Adhes user)
    (34 B.Paste user)
    (35 F.Paste user)
    (36 B.SilkS user)
    (37 F.SilkS user)
    (38 B.Mask user)
    (39 F.Mask user)
    (40 Dwgs.User user)
    (41 Cmts.User user)
    (42 Eco1.User user)
    (43 Eco2.User user)
    (44 Edge.Cuts user)
    (45 Margin user)
    (46 B.CrtYd user)
    (47 F.CrtYd user)
    (48 B.Fab user)
    (49 F.Fab user)
  )

  (setup
    (last_trace_width 0.254)
    (user_trace_width 0.2032)
    (user_trace_width 0.254)
    (user_trace_width 0.3048)
    (user_trace_width 0.4064)
    (trace_clearance 0.2)
    (zone_clearance 0.3048)
    (zone_45_only no)
    (trace_min 0.2)
    (via_size 0.8)
    (via_drill 0.4)
    (via_min_size 0.4)
    (via_min_drill 0.3)
    (user_via 1 0.5)
    (uvia_size 0.3)
    (uvia_drill 0.1)
    (uvias_allowed no)
    (uvia_min_size 0.2)
    (uvia_min_drill 0.1)
    (edge_width 0.05)
    (segment_width 0.2)
    (pcb_text_width 0.3)
    (pcb_text_size 1.5 1.5)
    (mod_edge_width 0.12)
    (mod_text_size 1 1)
    (mod_text_width 0.15)
    (pad_size 1.524 1.524)
    (pad_drill 0.762)
    (pad_to_mask_clearance 0)
    (aux_axis_origin 0 0)
    (visible_elements FFFDFF7F)
    (pcbplotparams
      (layerselection 0x010fc_ffffffff)
      (usegerberextensions false)
      (usegerberattributes true)
      (usegerberadvancedattributes true)
      (creategerberjobfile true)
      (excludeedgelayer true)
      (linewidth 0.100000)
      (plotframeref false)
      (viasonmask false)
      (mode 1)
      (useauxorigin false)
      (hpglpennumber 1)
      (hpglpenspeed 20)
      (hpglpendiameter 15.000000)
      (psnegative false)
      (psa4output false)
      (plotreference true)
      (plotvalue true)
      (plotinvisibletext false)
      (padsonsilk false)
      (subtractmaskfromsilk false)
      (outputformat 1)
      (mirror false)
      (drillshape 1)
      (scaleselection 1)
      (outputdirectory ""))
  )

  (net 0 "")
  (net 1 "Net-(J1-Pad10)")
  (net 2 "Net-(J1-Pad8)")
  (net 3 "Net-(J1-Pad4)")
  (net 4 "Net-(J1-Pad2)")
  (net 5 "Net-(J1-Pad9)")
  (net 6 "Net-(J1-Pad7)")
  (net 7 "Net-(J1-Pad3)")
  (net 8 "Net-(J1-Pad1)")
  (net 9 "Net-(U1-Pad14)")
  (net 10 "Net-(U1-Pad13)")
  (net 11 "Net-(U1-Pad5)")
  (net 12 "Net-(U1-Pad2)")
  (net 13 "Net-(U1-Pad1)")
  (net 14 GND)
  (net 15 +5V)
  (net 16 "Net-(R9-Pad1)")
  (net 17 /I)
  (net 18 /B)
  (net 19 /A)
  (net 20 /CSN)
  (net 21 /CLK)
  (net 22 /DO)
  (net 23 /PDIO)
  (net 24 /PWM)

  (net_class Default "This is the default net class."
    (clearance 0.2)
    (trace_width 0.25)
    (via_dia 0.8)
    (via_drill 0.4)
    (uvia_dia 0.3)
    (uvia_drill 0.1)
    (add_net +5V)
    (add_net /A)
    (add_net /B)
    (add_net /CLK)
    (add_net /CSN)
    (add_net /DO)
    (add_net /I)
    (add_net /PDIO)
    (add_net /PWM)
    (add_net GND)
    (add_net "Net-(J1-Pad1)")
    (add_net "Net-(J1-Pad10)")
    (add_net "Net-(J1-Pad2)")
    (add_net "Net-(J1-Pad3)")
    (add_net "Net-(J1-Pad4)")
    (add_net "Net-(J1-Pad7)")
    (add_net "Net-(J1-Pad8)")
    (add_net "Net-(J1-Pad9)")
    (add_net "Net-(R9-Pad1)")
    (add_net "Net-(U1-Pad1)")
    (add_net "Net-(U1-Pad13)")
    (add_net "Net-(U1-Pad14)")
    (add_net "Net-(U1-Pad2)")
    (add_net "Net-(U1-Pad5)")
  )

  (module Resistor_SMD:R_0603_1608Metric (layer F.Cu) (tedit 5F68FEEE) (tstamp 5F9F60F1)
    (at 100 92.75 270)
    (descr "Resistor SMD 0603 (1608 Metric), square (rectangular) end terminal, IPC_7351 nominal, (Body size source: IPC-SM-782 page 72, https://www.pcb-3d.com/wordpress/wp-content/uploads/ipc-sm-782a_amendment_1_and_2.pdf), generated with kicad-footprint-generator")
    (tags resistor)
    (path /5FA116B3)
    (attr smd)
    (fp_text reference R9 (at 0 -1.43 90) (layer F.SilkS) hide
      (effects (font (size 1 1) (thickness 0.15)))
    )
    (fp_text value 0R (at 0 1.43 90) (layer F.Fab)
      (effects (font (size 1 1) (thickness 0.15)))
    )
    (fp_line (start 1.48 0.73) (end -1.48 0.73) (layer F.CrtYd) (width 0.05))
    (fp_line (start 1.48 -0.73) (end 1.48 0.73) (layer F.CrtYd) (width 0.05))
    (fp_line (start -1.48 -0.73) (end 1.48 -0.73) (layer F.CrtYd) (width 0.05))
    (fp_line (start -1.48 0.73) (end -1.48 -0.73) (layer F.CrtYd) (width 0.05))
    (fp_line (start -0.237258 0.5225) (end 0.237258 0.5225) (layer F.SilkS) (width 0.12))
    (fp_line (start -0.237258 -0.5225) (end 0.237258 -0.5225) (layer F.SilkS) (width 0.12))
    (fp_line (start 0.8 0.4125) (end -0.8 0.4125) (layer F.Fab) (width 0.1))
    (fp_line (start 0.8 -0.4125) (end 0.8 0.4125) (layer F.Fab) (width 0.1))
    (fp_line (start -0.8 -0.4125) (end 0.8 -0.4125) (layer F.Fab) (width 0.1))
    (fp_line (start -0.8 0.4125) (end -0.8 -0.4125) (layer F.Fab) (width 0.1))
    (fp_text user %R (at 0 0 90) (layer F.Fab)
      (effects (font (size 0.4 0.4) (thickness 0.06)))
    )
    (pad 1 smd roundrect (at -0.825 0 270) (size 0.8 0.95) (layers F.Cu F.Paste F.Mask) (roundrect_rratio 0.25)
      (net 16 "Net-(R9-Pad1)"))
    (pad 2 smd roundrect (at 0.825 0 270) (size 0.8 0.95) (layers F.Cu F.Paste F.Mask) (roundrect_rratio 0.25)
      (net 15 +5V))
    (model ${KISYS3DMOD}/Resistor_SMD.3dshapes/R_0603_1608Metric.wrl
      (at (xyz 0 0 0))
      (scale (xyz 1 1 1))
      (rotate (xyz 0 0 0))
    )
  )

  (module Resistor_SMD:R_0603_1608Metric (layer F.Cu) (tedit 5F68FEEE) (tstamp 5F9F60E0)
    (at 113.5 88.4 180)
    (descr "Resistor SMD 0603 (1608 Metric), square (rectangular) end terminal, IPC_7351 nominal, (Body size source: IPC-SM-782 page 72, https://www.pcb-3d.com/wordpress/wp-content/uploads/ipc-sm-782a_amendment_1_and_2.pdf), generated with kicad-footprint-generator")
    (tags resistor)
    (path /5FA01467)
    (attr smd)
    (fp_text reference R8 (at 0 -1.43) (layer F.SilkS) hide
      (effects (font (size 1 1) (thickness 0.15)))
    )
    (fp_text value 0R (at 0 1.43) (layer F.Fab)
      (effects (font (size 1 1) (thickness 0.15)))
    )
    (fp_text user %R (at 0 0) (layer F.Fab)
      (effects (font (size 0.4 0.4) (thickness 0.06)))
    )
    (fp_line (start -0.8 0.4125) (end -0.8 -0.4125) (layer F.Fab) (width 0.1))
    (fp_line (start -0.8 -0.4125) (end 0.8 -0.4125) (layer F.Fab) (width 0.1))
    (fp_line (start 0.8 -0.4125) (end 0.8 0.4125) (layer F.Fab) (width 0.1))
    (fp_line (start 0.8 0.4125) (end -0.8 0.4125) (layer F.Fab) (width 0.1))
    (fp_line (start -0.237258 -0.5225) (end 0.237258 -0.5225) (layer F.SilkS) (width 0.12))
    (fp_line (start -0.237258 0.5225) (end 0.237258 0.5225) (layer F.SilkS) (width 0.12))
    (fp_line (start -1.48 0.73) (end -1.48 -0.73) (layer F.CrtYd) (width 0.05))
    (fp_line (start -1.48 -0.73) (end 1.48 -0.73) (layer F.CrtYd) (width 0.05))
    (fp_line (start 1.48 -0.73) (end 1.48 0.73) (layer F.CrtYd) (width 0.05))
    (fp_line (start 1.48 0.73) (end -1.48 0.73) (layer F.CrtYd) (width 0.05))
    (pad 2 smd roundrect (at 0.825 0 180) (size 0.8 0.95) (layers F.Cu F.Paste F.Mask) (roundrect_rratio 0.25)
      (net 18 /B))
    (pad 1 smd roundrect (at -0.825 0 180) (size 0.8 0.95) (layers F.Cu F.Paste F.Mask) (roundrect_rratio 0.25)
      (net 2 "Net-(J1-Pad8)"))
    (model ${KISYS3DMOD}/Resistor_SMD.3dshapes/R_0603_1608Metric.wrl
      (at (xyz 0 0 0))
      (scale (xyz 1 1 1))
      (rotate (xyz 0 0 0))
    )
  )

  (module Resistor_SMD:R_0603_1608Metric (layer F.Cu) (tedit 5F68FEEE) (tstamp 5F9F60CF)
    (at 113.5 85.8)
    (descr "Resistor SMD 0603 (1608 Metric), square (rectangular) end terminal, IPC_7351 nominal, (Body size source: IPC-SM-782 page 72, https://www.pcb-3d.com/wordpress/wp-content/uploads/ipc-sm-782a_amendment_1_and_2.pdf), generated with kicad-footprint-generator")
    (tags resistor)
    (path /5FA0146D)
    (attr smd)
    (fp_text reference R7 (at 0 -1.43) (layer F.SilkS) hide
      (effects (font (size 1 1) (thickness 0.15)))
    )
    (fp_text value 0R (at 0 1.43) (layer F.Fab)
      (effects (font (size 1 1) (thickness 0.15)))
    )
    (fp_text user %R (at 0 0) (layer F.Fab)
      (effects (font (size 0.4 0.4) (thickness 0.06)))
    )
    (fp_line (start -0.8 0.4125) (end -0.8 -0.4125) (layer F.Fab) (width 0.1))
    (fp_line (start -0.8 -0.4125) (end 0.8 -0.4125) (layer F.Fab) (width 0.1))
    (fp_line (start 0.8 -0.4125) (end 0.8 0.4125) (layer F.Fab) (width 0.1))
    (fp_line (start 0.8 0.4125) (end -0.8 0.4125) (layer F.Fab) (width 0.1))
    (fp_line (start -0.237258 -0.5225) (end 0.237258 -0.5225) (layer F.SilkS) (width 0.12))
    (fp_line (start -0.237258 0.5225) (end 0.237258 0.5225) (layer F.SilkS) (width 0.12))
    (fp_line (start -1.48 0.73) (end -1.48 -0.73) (layer F.CrtYd) (width 0.05))
    (fp_line (start -1.48 -0.73) (end 1.48 -0.73) (layer F.CrtYd) (width 0.05))
    (fp_line (start 1.48 -0.73) (end 1.48 0.73) (layer F.CrtYd) (width 0.05))
    (fp_line (start 1.48 0.73) (end -1.48 0.73) (layer F.CrtYd) (width 0.05))
    (pad 2 smd roundrect (at 0.825 0) (size 0.8 0.95) (layers F.Cu F.Paste F.Mask) (roundrect_rratio 0.25)
      (net 1 "Net-(J1-Pad10)"))
    (pad 1 smd roundrect (at -0.825 0) (size 0.8 0.95) (layers F.Cu F.Paste F.Mask) (roundrect_rratio 0.25)
      (net 18 /B))
    (model ${KISYS3DMOD}/Resistor_SMD.3dshapes/R_0603_1608Metric.wrl
      (at (xyz 0 0 0))
      (scale (xyz 1 1 1))
      (rotate (xyz 0 0 0))
    )
  )

  (module Resistor_SMD:R_0603_1608Metric (layer F.Cu) (tedit 5F68FEEE) (tstamp 5F9F663F)
    (at 113.5 96 180)
    (descr "Resistor SMD 0603 (1608 Metric), square (rectangular) end terminal, IPC_7351 nominal, (Body size source: IPC-SM-782 page 72, https://www.pcb-3d.com/wordpress/wp-content/uploads/ipc-sm-782a_amendment_1_and_2.pdf), generated with kicad-footprint-generator")
    (tags resistor)
    (path /5FA00BBB)
    (attr smd)
    (fp_text reference R6 (at 0 -1.43) (layer F.SilkS) hide
      (effects (font (size 1 1) (thickness 0.15)))
    )
    (fp_text value 0R (at 0 1.43) (layer F.Fab)
      (effects (font (size 1 1) (thickness 0.15)))
    )
    (fp_text user %R (at 0 0) (layer F.Fab)
      (effects (font (size 0.4 0.4) (thickness 0.06)))
    )
    (fp_line (start -0.8 0.4125) (end -0.8 -0.4125) (layer F.Fab) (width 0.1))
    (fp_line (start -0.8 -0.4125) (end 0.8 -0.4125) (layer F.Fab) (width 0.1))
    (fp_line (start 0.8 -0.4125) (end 0.8 0.4125) (layer F.Fab) (width 0.1))
    (fp_line (start 0.8 0.4125) (end -0.8 0.4125) (layer F.Fab) (width 0.1))
    (fp_line (start -0.237258 -0.5225) (end 0.237258 -0.5225) (layer F.SilkS) (width 0.12))
    (fp_line (start -0.237258 0.5225) (end 0.237258 0.5225) (layer F.SilkS) (width 0.12))
    (fp_line (start -1.48 0.73) (end -1.48 -0.73) (layer F.CrtYd) (width 0.05))
    (fp_line (start -1.48 -0.73) (end 1.48 -0.73) (layer F.CrtYd) (width 0.05))
    (fp_line (start 1.48 -0.73) (end 1.48 0.73) (layer F.CrtYd) (width 0.05))
    (fp_line (start 1.48 0.73) (end -1.48 0.73) (layer F.CrtYd) (width 0.05))
    (pad 2 smd roundrect (at 0.825 0 180) (size 0.8 0.95) (layers F.Cu F.Paste F.Mask) (roundrect_rratio 0.25)
      (net 18 /B))
    (pad 1 smd roundrect (at -0.825 0 180) (size 0.8 0.95) (layers F.Cu F.Paste F.Mask) (roundrect_rratio 0.25)
      (net 4 "Net-(J1-Pad2)"))
    (model ${KISYS3DMOD}/Resistor_SMD.3dshapes/R_0603_1608Metric.wrl
      (at (xyz 0 0 0))
      (scale (xyz 1 1 1))
      (rotate (xyz 0 0 0))
    )
  )

  (module Resistor_SMD:R_0603_1608Metric (layer F.Cu) (tedit 5F68FEEE) (tstamp 5F9F60AD)
    (at 113.5 93.5)
    (descr "Resistor SMD 0603 (1608 Metric), square (rectangular) end terminal, IPC_7351 nominal, (Body size source: IPC-SM-782 page 72, https://www.pcb-3d.com/wordpress/wp-content/uploads/ipc-sm-782a_amendment_1_and_2.pdf), generated with kicad-footprint-generator")
    (tags resistor)
    (path /5FA00BC1)
    (attr smd)
    (fp_text reference R5 (at 0 -1.43) (layer F.SilkS) hide
      (effects (font (size 1 1) (thickness 0.15)))
    )
    (fp_text value 0R (at 0 1.43) (layer F.Fab)
      (effects (font (size 1 1) (thickness 0.15)))
    )
    (fp_text user %R (at 0 0) (layer F.Fab)
      (effects (font (size 0.4 0.4) (thickness 0.06)))
    )
    (fp_line (start -0.8 0.4125) (end -0.8 -0.4125) (layer F.Fab) (width 0.1))
    (fp_line (start -0.8 -0.4125) (end 0.8 -0.4125) (layer F.Fab) (width 0.1))
    (fp_line (start 0.8 -0.4125) (end 0.8 0.4125) (layer F.Fab) (width 0.1))
    (fp_line (start 0.8 0.4125) (end -0.8 0.4125) (layer F.Fab) (width 0.1))
    (fp_line (start -0.237258 -0.5225) (end 0.237258 -0.5225) (layer F.SilkS) (width 0.12))
    (fp_line (start -0.237258 0.5225) (end 0.237258 0.5225) (layer F.SilkS) (width 0.12))
    (fp_line (start -1.48 0.73) (end -1.48 -0.73) (layer F.CrtYd) (width 0.05))
    (fp_line (start -1.48 -0.73) (end 1.48 -0.73) (layer F.CrtYd) (width 0.05))
    (fp_line (start 1.48 -0.73) (end 1.48 0.73) (layer F.CrtYd) (width 0.05))
    (fp_line (start 1.48 0.73) (end -1.48 0.73) (layer F.CrtYd) (width 0.05))
    (pad 2 smd roundrect (at 0.825 0) (size 0.8 0.95) (layers F.Cu F.Paste F.Mask) (roundrect_rratio 0.25)
      (net 3 "Net-(J1-Pad4)"))
    (pad 1 smd roundrect (at -0.825 0) (size 0.8 0.95) (layers F.Cu F.Paste F.Mask) (roundrect_rratio 0.25)
      (net 18 /B))
    (model ${KISYS3DMOD}/Resistor_SMD.3dshapes/R_0603_1608Metric.wrl
      (at (xyz 0 0 0))
      (scale (xyz 1 1 1))
      (rotate (xyz 0 0 0))
    )
  )

  (module Resistor_SMD:R_0603_1608Metric (layer B.Cu) (tedit 5F68FEEE) (tstamp 5F9F609C)
    (at 113.5 93.5)
    (descr "Resistor SMD 0603 (1608 Metric), square (rectangular) end terminal, IPC_7351 nominal, (Body size source: IPC-SM-782 page 72, https://www.pcb-3d.com/wordpress/wp-content/uploads/ipc-sm-782a_amendment_1_and_2.pdf), generated with kicad-footprint-generator")
    (tags resistor)
    (path /5F9F49DF)
    (attr smd)
    (fp_text reference R4 (at 0 1.43) (layer B.SilkS) hide
      (effects (font (size 1 1) (thickness 0.15)) (justify mirror))
    )
    (fp_text value 0R (at 0 -1.43) (layer B.Fab)
      (effects (font (size 1 1) (thickness 0.15)) (justify mirror))
    )
    (fp_text user %R (at 0 0) (layer B.Fab)
      (effects (font (size 0.4 0.4) (thickness 0.06)) (justify mirror))
    )
    (fp_line (start -0.8 -0.4125) (end -0.8 0.4125) (layer B.Fab) (width 0.1))
    (fp_line (start -0.8 0.4125) (end 0.8 0.4125) (layer B.Fab) (width 0.1))
    (fp_line (start 0.8 0.4125) (end 0.8 -0.4125) (layer B.Fab) (width 0.1))
    (fp_line (start 0.8 -0.4125) (end -0.8 -0.4125) (layer B.Fab) (width 0.1))
    (fp_line (start -0.237258 0.5225) (end 0.237258 0.5225) (layer B.SilkS) (width 0.12))
    (fp_line (start -0.237258 -0.5225) (end 0.237258 -0.5225) (layer B.SilkS) (width 0.12))
    (fp_line (start -1.48 -0.73) (end -1.48 0.73) (layer B.CrtYd) (width 0.05))
    (fp_line (start -1.48 0.73) (end 1.48 0.73) (layer B.CrtYd) (width 0.05))
    (fp_line (start 1.48 0.73) (end 1.48 -0.73) (layer B.CrtYd) (width 0.05))
    (fp_line (start 1.48 -0.73) (end -1.48 -0.73) (layer B.CrtYd) (width 0.05))
    (pad 2 smd roundrect (at 0.825 0) (size 0.8 0.95) (layers B.Cu B.Paste B.Mask) (roundrect_rratio 0.25)
      (net 7 "Net-(J1-Pad3)"))
    (pad 1 smd roundrect (at -0.825 0) (size 0.8 0.95) (layers B.Cu B.Paste B.Mask) (roundrect_rratio 0.25)
      (net 19 /A))
    (model ${KISYS3DMOD}/Resistor_SMD.3dshapes/R_0603_1608Metric.wrl
      (at (xyz 0 0 0))
      (scale (xyz 1 1 1))
      (rotate (xyz 0 0 0))
    )
  )

  (module Resistor_SMD:R_0603_1608Metric (layer B.Cu) (tedit 5F68FEEE) (tstamp 5F9F608B)
    (at 113.5 85.8)
    (descr "Resistor SMD 0603 (1608 Metric), square (rectangular) end terminal, IPC_7351 nominal, (Body size source: IPC-SM-782 page 72, https://www.pcb-3d.com/wordpress/wp-content/uploads/ipc-sm-782a_amendment_1_and_2.pdf), generated with kicad-footprint-generator")
    (tags resistor)
    (path /5F9FFB74)
    (attr smd)
    (fp_text reference R3 (at 0 1.43) (layer B.SilkS) hide
      (effects (font (size 1 1) (thickness 0.15)) (justify mirror))
    )
    (fp_text value 0R (at 0 -1.43) (layer B.Fab)
      (effects (font (size 1 1) (thickness 0.15)) (justify mirror))
    )
    (fp_text user %R (at 0 0) (layer B.Fab)
      (effects (font (size 0.4 0.4) (thickness 0.06)) (justify mirror))
    )
    (fp_line (start -0.8 -0.4125) (end -0.8 0.4125) (layer B.Fab) (width 0.1))
    (fp_line (start -0.8 0.4125) (end 0.8 0.4125) (layer B.Fab) (width 0.1))
    (fp_line (start 0.8 0.4125) (end 0.8 -0.4125) (layer B.Fab) (width 0.1))
    (fp_line (start 0.8 -0.4125) (end -0.8 -0.4125) (layer B.Fab) (width 0.1))
    (fp_line (start -0.237258 0.5225) (end 0.237258 0.5225) (layer B.SilkS) (width 0.12))
    (fp_line (start -0.237258 -0.5225) (end 0.237258 -0.5225) (layer B.SilkS) (width 0.12))
    (fp_line (start -1.48 -0.73) (end -1.48 0.73) (layer B.CrtYd) (width 0.05))
    (fp_line (start -1.48 0.73) (end 1.48 0.73) (layer B.CrtYd) (width 0.05))
    (fp_line (start 1.48 0.73) (end 1.48 -0.73) (layer B.CrtYd) (width 0.05))
    (fp_line (start 1.48 -0.73) (end -1.48 -0.73) (layer B.CrtYd) (width 0.05))
    (pad 2 smd roundrect (at 0.825 0) (size 0.8 0.95) (layers B.Cu B.Paste B.Mask) (roundrect_rratio 0.25)
      (net 5 "Net-(J1-Pad9)"))
    (pad 1 smd roundrect (at -0.825 0) (size 0.8 0.95) (layers B.Cu B.Paste B.Mask) (roundrect_rratio 0.25)
      (net 19 /A))
    (model ${KISYS3DMOD}/Resistor_SMD.3dshapes/R_0603_1608Metric.wrl
      (at (xyz 0 0 0))
      (scale (xyz 1 1 1))
      (rotate (xyz 0 0 0))
    )
  )

  (module Resistor_SMD:R_0603_1608Metric (layer B.Cu) (tedit 5F68FEEE) (tstamp 5F9F607A)
    (at 113.5 96 180)
    (descr "Resistor SMD 0603 (1608 Metric), square (rectangular) end terminal, IPC_7351 nominal, (Body size source: IPC-SM-782 page 72, https://www.pcb-3d.com/wordpress/wp-content/uploads/ipc-sm-782a_amendment_1_and_2.pdf), generated with kicad-footprint-generator")
    (tags resistor)
    (path /5F9F3DFE)
    (attr smd)
    (fp_text reference R2 (at 0 1.43) (layer B.SilkS) hide
      (effects (font (size 1 1) (thickness 0.15)) (justify mirror))
    )
    (fp_text value 0R (at 0 -1.43) (layer B.Fab)
      (effects (font (size 1 1) (thickness 0.15)) (justify mirror))
    )
    (fp_text user %R (at 0 0) (layer B.Fab)
      (effects (font (size 0.4 0.4) (thickness 0.06)) (justify mirror))
    )
    (fp_line (start -0.8 -0.4125) (end -0.8 0.4125) (layer B.Fab) (width 0.1))
    (fp_line (start -0.8 0.4125) (end 0.8 0.4125) (layer B.Fab) (width 0.1))
    (fp_line (start 0.8 0.4125) (end 0.8 -0.4125) (layer B.Fab) (width 0.1))
    (fp_line (start 0.8 -0.4125) (end -0.8 -0.4125) (layer B.Fab) (width 0.1))
    (fp_line (start -0.237258 0.5225) (end 0.237258 0.5225) (layer B.SilkS) (width 0.12))
    (fp_line (start -0.237258 -0.5225) (end 0.237258 -0.5225) (layer B.SilkS) (width 0.12))
    (fp_line (start -1.48 -0.73) (end -1.48 0.73) (layer B.CrtYd) (width 0.05))
    (fp_line (start -1.48 0.73) (end 1.48 0.73) (layer B.CrtYd) (width 0.05))
    (fp_line (start 1.48 0.73) (end 1.48 -0.73) (layer B.CrtYd) (width 0.05))
    (fp_line (start 1.48 -0.73) (end -1.48 -0.73) (layer B.CrtYd) (width 0.05))
    (pad 2 smd roundrect (at 0.825 0 180) (size 0.8 0.95) (layers B.Cu B.Paste B.Mask) (roundrect_rratio 0.25)
      (net 19 /A))
    (pad 1 smd roundrect (at -0.825 0 180) (size 0.8 0.95) (layers B.Cu B.Paste B.Mask) (roundrect_rratio 0.25)
      (net 8 "Net-(J1-Pad1)"))
    (model ${KISYS3DMOD}/Resistor_SMD.3dshapes/R_0603_1608Metric.wrl
      (at (xyz 0 0 0))
      (scale (xyz 1 1 1))
      (rotate (xyz 0 0 0))
    )
  )

  (module Resistor_SMD:R_0603_1608Metric (layer B.Cu) (tedit 5F68FEEE) (tstamp 5F9F6069)
    (at 113.5 88.4 180)
    (descr "Resistor SMD 0603 (1608 Metric), square (rectangular) end terminal, IPC_7351 nominal, (Body size source: IPC-SM-782 page 72, https://www.pcb-3d.com/wordpress/wp-content/uploads/ipc-sm-782a_amendment_1_and_2.pdf), generated with kicad-footprint-generator")
    (tags resistor)
    (path /5F9FFB6E)
    (attr smd)
    (fp_text reference R1 (at 0 1.43) (layer B.SilkS) hide
      (effects (font (size 1 1) (thickness 0.15)) (justify mirror))
    )
    (fp_text value 0R (at 0 -1.43) (layer B.Fab)
      (effects (font (size 1 1) (thickness 0.15)) (justify mirror))
    )
    (fp_text user %R (at 0 0) (layer B.Fab)
      (effects (font (size 0.4 0.4) (thickness 0.06)) (justify mirror))
    )
    (fp_line (start -0.8 -0.4125) (end -0.8 0.4125) (layer B.Fab) (width 0.1))
    (fp_line (start -0.8 0.4125) (end 0.8 0.4125) (layer B.Fab) (width 0.1))
    (fp_line (start 0.8 0.4125) (end 0.8 -0.4125) (layer B.Fab) (width 0.1))
    (fp_line (start 0.8 -0.4125) (end -0.8 -0.4125) (layer B.Fab) (width 0.1))
    (fp_line (start -0.237258 0.5225) (end 0.237258 0.5225) (layer B.SilkS) (width 0.12))
    (fp_line (start -0.237258 -0.5225) (end 0.237258 -0.5225) (layer B.SilkS) (width 0.12))
    (fp_line (start -1.48 -0.73) (end -1.48 0.73) (layer B.CrtYd) (width 0.05))
    (fp_line (start -1.48 0.73) (end 1.48 0.73) (layer B.CrtYd) (width 0.05))
    (fp_line (start 1.48 0.73) (end 1.48 -0.73) (layer B.CrtYd) (width 0.05))
    (fp_line (start 1.48 -0.73) (end -1.48 -0.73) (layer B.CrtYd) (width 0.05))
    (pad 2 smd roundrect (at 0.825 0 180) (size 0.8 0.95) (layers B.Cu B.Paste B.Mask) (roundrect_rratio 0.25)
      (net 19 /A))
    (pad 1 smd roundrect (at -0.825 0 180) (size 0.8 0.95) (layers B.Cu B.Paste B.Mask) (roundrect_rratio 0.25)
      (net 6 "Net-(J1-Pad7)"))
    (model ${KISYS3DMOD}/Resistor_SMD.3dshapes/R_0603_1608Metric.wrl
      (at (xyz 0 0 0))
      (scale (xyz 1 1 1))
      (rotate (xyz 0 0 0))
    )
  )

  (module as5040_v2:IDC-Header_2x05_P2.54mm_Horizontal locked (layer B.Cu) (tedit 5F9EBA34) (tstamp 5F9F1A54)
    (at 114.5 96)
    (descr "Through hole IDC box header, 2x05, 2.54mm pitch, DIN 41651 / IEC 60603-13, double rows, https://docs.google.com/spreadsheets/d/16SsEcesNF15N3Lb4niX7dcUr-NY5_MFPQhobNuNppn4/edit#gid=0")
    (tags "Through hole horizontal IDC box header THT 2x05 2.54mm double row")
    (path /5F9EBCA2)
    (fp_text reference J1 (at 3 -12) (layer B.SilkS)
      (effects (font (size 1 1) (thickness 0.15)) (justify mirror))
    )
    (fp_text value Conn_02x05_Odd_Even (at 6.215 -16.26) (layer B.Fab)
      (effects (font (size 1 1) (thickness 0.15)) (justify mirror))
    )
    (fp_text user %R (at 8.83 -5.08 -90) (layer B.Fab)
      (effects (font (size 1 1) (thickness 0.15)) (justify mirror))
    )
    (fp_line (start 4.38 4.1) (end 5.38 5.1) (layer B.Fab) (width 0.1))
    (fp_line (start 4.38 -3.03) (end 13.28 -3.03) (layer B.Fab) (width 0.1))
    (fp_line (start 4.38 -7.13) (end 13.28 -7.13) (layer B.Fab) (width 0.1))
    (fp_line (start 4.4 0.32) (end 0.2 0.32) (layer B.Fab) (width 0.1))
    (fp_line (start 0.2 0.32) (end 0.2 -0.32) (layer B.Fab) (width 0.1))
    (fp_line (start 0.2 -0.32) (end 4.4 -0.32) (layer B.Fab) (width 0.1))
    (fp_line (start 4.38 -2.22) (end 0.2 -2.22) (layer B.Fab) (width 0.1))
    (fp_line (start 0.2 -2.22) (end 0.2 -2.86) (layer B.Fab) (width 0.1))
    (fp_line (start 0.2 -2.86) (end 4.38 -2.86) (layer B.Fab) (width 0.1))
    (fp_line (start 4.38 -4.76) (end 0.2 -4.76) (layer B.Fab) (width 0.1))
    (fp_line (start 0.2 -4.76) (end 0.2 -5.4) (layer B.Fab) (width 0.1))
    (fp_line (start 0.2 -5.4) (end 4.38 -5.4) (layer B.Fab) (width 0.1))
    (fp_line (start 4.38 -7.3) (end 0.2 -7.3) (layer B.Fab) (width 0.1))
    (fp_line (start 0.2 -7.3) (end 0.2 -7.94) (layer B.Fab) (width 0.1))
    (fp_line (start 0.2 -7.94) (end 4.38 -7.94) (layer B.Fab) (width 0.1))
    (fp_line (start 4.38 -9.84) (end 0.2 -9.84) (layer B.Fab) (width 0.1))
    (fp_line (start 0.2 -9.84) (end 0.2 -10.48) (layer B.Fab) (width 0.1))
    (fp_line (start 0.2 -10.48) (end 4.38 -10.48) (layer B.Fab) (width 0.1))
    (fp_line (start 5.38 5.1) (end 13.28 5.1) (layer B.Fab) (width 0.1))
    (fp_line (start 13.28 5.1) (end 13.28 -15.26) (layer B.Fab) (width 0.1))
    (fp_line (start 13.28 -15.26) (end 4.38 -15.26) (layer B.Fab) (width 0.1))
    (fp_line (start 4.38 -15.26) (end 4.38 4.1) (layer B.Fab) (width 0.1))
    (fp_line (start 2.46 2.54) (end 1.46 3.04) (layer B.SilkS) (width 0.12))
    (fp_line (start 1.46 3.04) (end 1.46 2.04) (layer B.SilkS) (width 0.12))
    (fp_line (start 1.46 2.04) (end 2.46 2.54) (layer B.SilkS) (width 0.12))
    (fp_line (start -1.35 5.6) (end -1.35 -15.76) (layer B.CrtYd) (width 0.05))
    (fp_line (start -1.35 -15.76) (end 13.78 -15.76) (layer B.CrtYd) (width 0.05))
    (fp_line (start 13.78 -15.76) (end 13.78 5.6) (layer B.CrtYd) (width 0.05))
    (fp_line (start 13.78 5.6) (end -1.35 5.6) (layer B.CrtYd) (width 0.05))
    (pad 10 smd roundrect (at 2.2 -10.16) (size 4 1.7) (layers F.Cu B.Paste B.Mask) (roundrect_rratio 0.147)
      (net 1 "Net-(J1-Pad10)"))
    (pad 8 smd roundrect (at 2.2 -7.62) (size 4 1.7) (layers F.Cu B.Paste B.Mask) (roundrect_rratio 0.147)
      (net 2 "Net-(J1-Pad8)"))
    (pad 6 smd roundrect (at 2.2 -5.08) (size 4 1.7) (layers F.Cu B.Paste B.Mask) (roundrect_rratio 0.147)
      (net 14 GND))
    (pad 4 smd roundrect (at 2.2 -2.54) (size 4 1.7) (layers F.Cu B.Paste B.Mask) (roundrect_rratio 0.147)
      (net 3 "Net-(J1-Pad4)"))
    (pad 2 smd roundrect (at 2.2 0) (size 4 1.7) (layers F.Cu B.Paste B.Mask) (roundrect_rratio 0.147)
      (net 4 "Net-(J1-Pad2)"))
    (pad 9 smd roundrect (at 2.2 -10.16) (size 4 1.7) (layers B.Cu B.Paste B.Mask) (roundrect_rratio 0.147)
      (net 5 "Net-(J1-Pad9)"))
    (pad 7 smd roundrect (at 2.2 -7.62) (size 4 1.7) (layers B.Cu B.Paste B.Mask) (roundrect_rratio 0.147)
      (net 6 "Net-(J1-Pad7)"))
    (pad 5 smd roundrect (at 2.2 -5.08) (size 4 1.7) (layers B.Cu B.Paste B.Mask) (roundrect_rratio 0.147)
      (net 15 +5V))
    (pad 3 smd roundrect (at 2.2 -2.54) (size 4 1.7) (layers B.Cu B.Paste B.Mask) (roundrect_rratio 0.147)
      (net 7 "Net-(J1-Pad3)"))
    (pad 1 smd roundrect (at 2.2 0) (size 4 1.7) (layers B.Cu B.Paste B.Mask) (roundrect_rratio 0.147)
      (net 8 "Net-(J1-Pad1)"))
    (model ${KISYS3DMOD}/Connector_IDC.3dshapes/IDC-Header_2x05_P2.54mm_Vertical.wrl
      (offset (xyz 4 0 0.4))
      (scale (xyz 1 1 1))
      (rotate (xyz 0 -90 0))
    )
  )

  (module Capacitor_SMD:C_0603_1608Metric (layer F.Cu) (tedit 5F68FEEE) (tstamp 5F9FB285)
    (at 96.75 94.5 90)
    (descr "Capacitor SMD 0603 (1608 Metric), square (rectangular) end terminal, IPC_7351 nominal, (Body size source: IPC-SM-782 page 76, https://www.pcb-3d.com/wordpress/wp-content/uploads/ipc-sm-782a_amendment_1_and_2.pdf), generated with kicad-footprint-generator")
    (tags capacitor)
    (path /5FA6AF21)
    (attr smd)
    (fp_text reference C2 (at -2.5 0 90) (layer F.SilkS)
      (effects (font (size 1 1) (thickness 0.15)))
    )
    (fp_text value 1uF (at 0 1.43 90) (layer F.Fab)
      (effects (font (size 1 1) (thickness 0.15)))
    )
    (fp_text user %R (at 0 0 90) (layer F.Fab)
      (effects (font (size 0.4 0.4) (thickness 0.06)))
    )
    (fp_line (start -0.8 0.4) (end -0.8 -0.4) (layer F.Fab) (width 0.1))
    (fp_line (start -0.8 -0.4) (end 0.8 -0.4) (layer F.Fab) (width 0.1))
    (fp_line (start 0.8 -0.4) (end 0.8 0.4) (layer F.Fab) (width 0.1))
    (fp_line (start 0.8 0.4) (end -0.8 0.4) (layer F.Fab) (width 0.1))
    (fp_line (start -0.14058 -0.51) (end 0.14058 -0.51) (layer F.SilkS) (width 0.12))
    (fp_line (start -0.14058 0.51) (end 0.14058 0.51) (layer F.SilkS) (width 0.12))
    (fp_line (start -1.48 0.73) (end -1.48 -0.73) (layer F.CrtYd) (width 0.05))
    (fp_line (start -1.48 -0.73) (end 1.48 -0.73) (layer F.CrtYd) (width 0.05))
    (fp_line (start 1.48 -0.73) (end 1.48 0.73) (layer F.CrtYd) (width 0.05))
    (fp_line (start 1.48 0.73) (end -1.48 0.73) (layer F.CrtYd) (width 0.05))
    (pad 2 smd roundrect (at 0.775 0 90) (size 0.9 0.95) (layers F.Cu F.Paste F.Mask) (roundrect_rratio 0.25)
      (net 15 +5V))
    (pad 1 smd roundrect (at -0.775 0 90) (size 0.9 0.95) (layers F.Cu F.Paste F.Mask) (roundrect_rratio 0.25)
      (net 14 GND))
    (model ${KISYS3DMOD}/Capacitor_SMD.3dshapes/C_0603_1608Metric.wrl
      (at (xyz 0 0 0))
      (scale (xyz 1 1 1))
      (rotate (xyz 0 0 0))
    )
  )

  (module Capacitor_SMD:C_0603_1608Metric (layer F.Cu) (tedit 5F68FEEE) (tstamp 5F9FB274)
    (at 98.4 94.5 90)
    (descr "Capacitor SMD 0603 (1608 Metric), square (rectangular) end terminal, IPC_7351 nominal, (Body size source: IPC-SM-782 page 76, https://www.pcb-3d.com/wordpress/wp-content/uploads/ipc-sm-782a_amendment_1_and_2.pdf), generated with kicad-footprint-generator")
    (tags capacitor)
    (path /5FA69DB4)
    (attr smd)
    (fp_text reference C1 (at -2.5 0 90) (layer F.SilkS)
      (effects (font (size 1 1) (thickness 0.15)))
    )
    (fp_text value 0.1uF (at 0 1.43 90) (layer F.Fab)
      (effects (font (size 1 1) (thickness 0.15)))
    )
    (fp_text user %R (at 0 0 90) (layer F.Fab)
      (effects (font (size 0.4 0.4) (thickness 0.06)))
    )
    (fp_line (start -0.8 0.4) (end -0.8 -0.4) (layer F.Fab) (width 0.1))
    (fp_line (start -0.8 -0.4) (end 0.8 -0.4) (layer F.Fab) (width 0.1))
    (fp_line (start 0.8 -0.4) (end 0.8 0.4) (layer F.Fab) (width 0.1))
    (fp_line (start 0.8 0.4) (end -0.8 0.4) (layer F.Fab) (width 0.1))
    (fp_line (start -0.14058 -0.51) (end 0.14058 -0.51) (layer F.SilkS) (width 0.12))
    (fp_line (start -0.14058 0.51) (end 0.14058 0.51) (layer F.SilkS) (width 0.12))
    (fp_line (start -1.48 0.73) (end -1.48 -0.73) (layer F.CrtYd) (width 0.05))
    (fp_line (start -1.48 -0.73) (end 1.48 -0.73) (layer F.CrtYd) (width 0.05))
    (fp_line (start 1.48 -0.73) (end 1.48 0.73) (layer F.CrtYd) (width 0.05))
    (fp_line (start 1.48 0.73) (end -1.48 0.73) (layer F.CrtYd) (width 0.05))
    (pad 2 smd roundrect (at 0.775 0 90) (size 0.9 0.95) (layers F.Cu F.Paste F.Mask) (roundrect_rratio 0.25)
      (net 15 +5V))
    (pad 1 smd roundrect (at -0.775 0 90) (size 0.9 0.95) (layers F.Cu F.Paste F.Mask) (roundrect_rratio 0.25)
      (net 14 GND))
    (model ${KISYS3DMOD}/Capacitor_SMD.3dshapes/C_0603_1608Metric.wrl
      (at (xyz 0 0 0))
      (scale (xyz 1 1 1))
      (rotate (xyz 0 0 0))
    )
  )

  (module Connector_PinHeader_1.27mm:PinHeader_1x03_P1.27mm_Horizontal (layer B.Cu) (tedit 59FED6E3) (tstamp 5F9F814F)
    (at 103.73 103 270)
    (descr "Through hole angled pin header, 1x03, 1.27mm pitch, 4.0mm pin length, single row")
    (tags "Through hole angled pin header THT 1x03 1.27mm single row")
    (path /5FA32EF5)
    (fp_text reference J4 (at 0 1.73 270) (layer B.SilkS)
      (effects (font (size 1 1) (thickness 0.15)) (justify mirror))
    )
    (fp_text value Conn_01x03_Male (at 2.4325 -4.175 270) (layer B.Fab)
      (effects (font (size 1 1) (thickness 0.15)) (justify mirror))
    )
    (fp_line (start 6 1.15) (end -1.15 1.15) (layer B.CrtYd) (width 0.05))
    (fp_line (start 6 -3.7) (end 6 1.15) (layer B.CrtYd) (width 0.05))
    (fp_line (start -1.15 -3.7) (end 6 -3.7) (layer B.CrtYd) (width 0.05))
    (fp_line (start -1.15 1.15) (end -1.15 -3.7) (layer B.CrtYd) (width 0.05))
    (fp_line (start -0.76 0.76) (end 0 0.76) (layer B.SilkS) (width 0.12))
    (fp_line (start -0.76 0) (end -0.76 0.76) (layer B.SilkS) (width 0.12))
    (fp_line (start 5.56 -2.8) (end 1.56 -2.8) (layer B.SilkS) (width 0.12))
    (fp_line (start 5.56 -2.28) (end 5.56 -2.8) (layer B.SilkS) (width 0.12))
    (fp_line (start 1.56 -2.28) (end 5.56 -2.28) (layer B.SilkS) (width 0.12))
    (fp_line (start 0.44 -1.889677) (end 0.44 -1.920323) (layer B.SilkS) (width 0.12))
    (fp_line (start 0.44 -1.905) (end 1.56 -1.905) (layer B.SilkS) (width 0.12))
    (fp_line (start 5.56 -1.53) (end 1.56 -1.53) (layer B.SilkS) (width 0.12))
    (fp_line (start 5.56 -1.01) (end 5.56 -1.53) (layer B.SilkS) (width 0.12))
    (fp_line (start 1.56 -1.01) (end 5.56 -1.01) (layer B.SilkS) (width 0.12))
    (fp_line (start 0.76 -0.635) (end 1.56 -0.635) (layer B.SilkS) (width 0.12))
    (fp_line (start 1.56 -0.16) (end 5.56 -0.16) (layer B.SilkS) (width 0.12))
    (fp_line (start 1.56 -0.04) (end 5.56 -0.04) (layer B.SilkS) (width 0.12))
    (fp_line (start 1.56 0.08) (end 5.56 0.08) (layer B.SilkS) (width 0.12))
    (fp_line (start 1.56 0.2) (end 5.56 0.2) (layer B.SilkS) (width 0.12))
    (fp_line (start 5.56 -0.26) (end 1.56 -0.26) (layer B.SilkS) (width 0.12))
    (fp_line (start 5.56 0.26) (end 5.56 -0.26) (layer B.SilkS) (width 0.12))
    (fp_line (start 1.56 0.26) (end 5.56 0.26) (layer B.SilkS) (width 0.12))
    (fp_line (start 0.44 -3.235) (end 0.44 -3.159677) (layer B.SilkS) (width 0.12))
    (fp_line (start 1.56 -3.235) (end 0.44 -3.235) (layer B.SilkS) (width 0.12))
    (fp_line (start 1.56 0.695) (end 1.56 -3.235) (layer B.SilkS) (width 0.12))
    (fp_line (start 0.76 0.695) (end 1.56 0.695) (layer B.SilkS) (width 0.12))
    (fp_line (start 1.5 -2.74) (end 5.5 -2.74) (layer B.Fab) (width 0.1))
    (fp_line (start 5.5 -2.34) (end 5.5 -2.74) (layer B.Fab) (width 0.1))
    (fp_line (start 1.5 -2.34) (end 5.5 -2.34) (layer B.Fab) (width 0.1))
    (fp_line (start -0.2 -2.74) (end 0.5 -2.74) (layer B.Fab) (width 0.1))
    (fp_line (start -0.2 -2.34) (end -0.2 -2.74) (layer B.Fab) (width 0.1))
    (fp_line (start -0.2 -2.34) (end 0.5 -2.34) (layer B.Fab) (width 0.1))
    (fp_line (start 1.5 -1.47) (end 5.5 -1.47) (layer B.Fab) (width 0.1))
    (fp_line (start 5.5 -1.07) (end 5.5 -1.47) (layer B.Fab) (width 0.1))
    (fp_line (start 1.5 -1.07) (end 5.5 -1.07) (layer B.Fab) (width 0.1))
    (fp_line (start -0.2 -1.47) (end 0.5 -1.47) (layer B.Fab) (width 0.1))
    (fp_line (start -0.2 -1.07) (end -0.2 -1.47) (layer B.Fab) (width 0.1))
    (fp_line (start -0.2 -1.07) (end 0.5 -1.07) (layer B.Fab) (width 0.1))
    (fp_line (start 1.5 -0.2) (end 5.5 -0.2) (layer B.Fab) (width 0.1))
    (fp_line (start 5.5 0.2) (end 5.5 -0.2) (layer B.Fab) (width 0.1))
    (fp_line (start 1.5 0.2) (end 5.5 0.2) (layer B.Fab) (width 0.1))
    (fp_line (start -0.2 -0.2) (end 0.5 -0.2) (layer B.Fab) (width 0.1))
    (fp_line (start -0.2 0.2) (end -0.2 -0.2) (layer B.Fab) (width 0.1))
    (fp_line (start -0.2 0.2) (end 0.5 0.2) (layer B.Fab) (width 0.1))
    (fp_line (start 0.5 0.385) (end 0.75 0.635) (layer B.Fab) (width 0.1))
    (fp_line (start 0.5 -3.175) (end 0.5 0.385) (layer B.Fab) (width 0.1))
    (fp_line (start 1.5 -3.175) (end 0.5 -3.175) (layer B.Fab) (width 0.1))
    (fp_line (start 1.5 0.635) (end 1.5 -3.175) (layer B.Fab) (width 0.1))
    (fp_line (start 0.75 0.635) (end 1.5 0.635) (layer B.Fab) (width 0.1))
    (fp_text user %R (at 1 -1.27) (layer B.Fab)
      (effects (font (size 0.6 0.6) (thickness 0.09)) (justify mirror))
    )
    (pad 3 thru_hole oval (at 0 -2.54 270) (size 1 1) (drill 0.65) (layers *.Cu *.Mask)
      (net 14 GND))
    (pad 2 thru_hole oval (at 0 -1.27 270) (size 1 1) (drill 0.65) (layers *.Cu *.Mask)
      (net 24 /PWM))
    (pad 1 thru_hole rect (at 0 0 270) (size 1 1) (drill 0.65) (layers *.Cu *.Mask)
      (net 15 +5V))
    (model ${KISYS3DMOD}/Connector_PinHeader_1.27mm.3dshapes/PinHeader_1x03_P1.27mm_Horizontal.wrl
      (at (xyz 0 0 0))
      (scale (xyz 1 1 1))
      (rotate (xyz 0 0 0))
    )
  )

  (module Connector_PinHeader_1.27mm:PinHeader_1x06_P1.27mm_Horizontal (layer B.Cu) (tedit 59FED6E3) (tstamp 5F9F8116)
    (at 93 87.8 180)
    (descr "Through hole angled pin header, 1x06, 1.27mm pitch, 4.0mm pin length, single row")
    (tags "Through hole angled pin header THT 1x06 1.27mm single row")
    (path /5FA2A1AD)
    (fp_text reference J3 (at 0 1.8) (layer B.SilkS)
      (effects (font (size 1 1) (thickness 0.15)) (justify mirror))
    )
    (fp_text value Conn_01x06_Male (at 2.4325 -7.985) (layer B.Fab)
      (effects (font (size 1 1) (thickness 0.15)) (justify mirror))
    )
    (fp_line (start 6 1.15) (end -1.15 1.15) (layer B.CrtYd) (width 0.05))
    (fp_line (start 6 -7.5) (end 6 1.15) (layer B.CrtYd) (width 0.05))
    (fp_line (start -1.15 -7.5) (end 6 -7.5) (layer B.CrtYd) (width 0.05))
    (fp_line (start -1.15 1.15) (end -1.15 -7.5) (layer B.CrtYd) (width 0.05))
    (fp_line (start -0.76 0.76) (end 0 0.76) (layer B.SilkS) (width 0.12))
    (fp_line (start -0.76 0) (end -0.76 0.76) (layer B.SilkS) (width 0.12))
    (fp_line (start 5.56 -6.61) (end 1.56 -6.61) (layer B.SilkS) (width 0.12))
    (fp_line (start 5.56 -6.09) (end 5.56 -6.61) (layer B.SilkS) (width 0.12))
    (fp_line (start 1.56 -6.09) (end 5.56 -6.09) (layer B.SilkS) (width 0.12))
    (fp_line (start 0.44 -5.699677) (end 0.44 -5.730323) (layer B.SilkS) (width 0.12))
    (fp_line (start 0.44 -5.715) (end 1.56 -5.715) (layer B.SilkS) (width 0.12))
    (fp_line (start 5.56 -5.34) (end 1.56 -5.34) (layer B.SilkS) (width 0.12))
    (fp_line (start 5.56 -4.82) (end 5.56 -5.34) (layer B.SilkS) (width 0.12))
    (fp_line (start 1.56 -4.82) (end 5.56 -4.82) (layer B.SilkS) (width 0.12))
    (fp_line (start 0.44 -4.429677) (end 0.44 -4.460323) (layer B.SilkS) (width 0.12))
    (fp_line (start 0.44 -4.445) (end 1.56 -4.445) (layer B.SilkS) (width 0.12))
    (fp_line (start 5.56 -4.07) (end 1.56 -4.07) (layer B.SilkS) (width 0.12))
    (fp_line (start 5.56 -3.55) (end 5.56 -4.07) (layer B.SilkS) (width 0.12))
    (fp_line (start 1.56 -3.55) (end 5.56 -3.55) (layer B.SilkS) (width 0.12))
    (fp_line (start 0.44 -3.159677) (end 0.44 -3.190323) (layer B.SilkS) (width 0.12))
    (fp_line (start 0.44 -3.175) (end 1.56 -3.175) (layer B.SilkS) (width 0.12))
    (fp_line (start 5.56 -2.8) (end 1.56 -2.8) (layer B.SilkS) (width 0.12))
    (fp_line (start 5.56 -2.28) (end 5.56 -2.8) (layer B.SilkS) (width 0.12))
    (fp_line (start 1.56 -2.28) (end 5.56 -2.28) (layer B.SilkS) (width 0.12))
    (fp_line (start 0.44 -1.889677) (end 0.44 -1.920323) (layer B.SilkS) (width 0.12))
    (fp_line (start 0.44 -1.905) (end 1.56 -1.905) (layer B.SilkS) (width 0.12))
    (fp_line (start 5.56 -1.53) (end 1.56 -1.53) (layer B.SilkS) (width 0.12))
    (fp_line (start 5.56 -1.01) (end 5.56 -1.53) (layer B.SilkS) (width 0.12))
    (fp_line (start 1.56 -1.01) (end 5.56 -1.01) (layer B.SilkS) (width 0.12))
    (fp_line (start 0.76 -0.635) (end 1.56 -0.635) (layer B.SilkS) (width 0.12))
    (fp_line (start 1.56 -0.16) (end 5.56 -0.16) (layer B.SilkS) (width 0.12))
    (fp_line (start 1.56 -0.04) (end 5.56 -0.04) (layer B.SilkS) (width 0.12))
    (fp_line (start 1.56 0.08) (end 5.56 0.08) (layer B.SilkS) (width 0.12))
    (fp_line (start 1.56 0.2) (end 5.56 0.2) (layer B.SilkS) (width 0.12))
    (fp_line (start 5.56 -0.26) (end 1.56 -0.26) (layer B.SilkS) (width 0.12))
    (fp_line (start 5.56 0.26) (end 5.56 -0.26) (layer B.SilkS) (width 0.12))
    (fp_line (start 1.56 0.26) (end 5.56 0.26) (layer B.SilkS) (width 0.12))
    (fp_line (start 0.44 -7.045) (end 0.44 -6.969677) (layer B.SilkS) (width 0.12))
    (fp_line (start 1.56 -7.045) (end 0.44 -7.045) (layer B.SilkS) (width 0.12))
    (fp_line (start 1.56 0.695) (end 1.56 -7.045) (layer B.SilkS) (width 0.12))
    (fp_line (start 0.76 0.695) (end 1.56 0.695) (layer B.SilkS) (width 0.12))
    (fp_line (start 1.5 -6.55) (end 5.5 -6.55) (layer B.Fab) (width 0.1))
    (fp_line (start 5.5 -6.15) (end 5.5 -6.55) (layer B.Fab) (width 0.1))
    (fp_line (start 1.5 -6.15) (end 5.5 -6.15) (layer B.Fab) (width 0.1))
    (fp_line (start -0.2 -6.55) (end 0.5 -6.55) (layer B.Fab) (width 0.1))
    (fp_line (start -0.2 -6.15) (end -0.2 -6.55) (layer B.Fab) (width 0.1))
    (fp_line (start -0.2 -6.15) (end 0.5 -6.15) (layer B.Fab) (width 0.1))
    (fp_line (start 1.5 -5.28) (end 5.5 -5.28) (layer B.Fab) (width 0.1))
    (fp_line (start 5.5 -4.88) (end 5.5 -5.28) (layer B.Fab) (width 0.1))
    (fp_line (start 1.5 -4.88) (end 5.5 -4.88) (layer B.Fab) (width 0.1))
    (fp_line (start -0.2 -5.28) (end 0.5 -5.28) (layer B.Fab) (width 0.1))
    (fp_line (start -0.2 -4.88) (end -0.2 -5.28) (layer B.Fab) (width 0.1))
    (fp_line (start -0.2 -4.88) (end 0.5 -4.88) (layer B.Fab) (width 0.1))
    (fp_line (start 1.5 -4.01) (end 5.5 -4.01) (layer B.Fab) (width 0.1))
